4818.690476190476
4818.690476190476
4818.690476190476
4818.690476190476
4818.690476190476
4818.690476190476
4329.166666666667
4329.166666666667
4681.011904761905
4761.765873015873
4761.765873015873
4761.765873015873
4154.007936507936
4434.68253968254
4377.916666666667
4377.916666666667
4434.68253968254
4154.007936507936
4761.765873015873
4761.765873015873
4761.765873015873
4681.011904761905
4294.68253968254
4499.980158730159
4499.980158730159
4499.980158730159
4393.1547619047615
4608.1349206349205
4608.1349206349205
4608.1349206349205
4608.1349206349205
4608.1349206349205
4608.1349206349205
4393.1547619047615
4499.980158730159
4499.980158730159
4499.980158730159
4294.68253968254
4412.341269841269
4271.626984126984
4143.650793650793
4477.638888888889
4389.563492063492
4143.650793650793
4143.650793650793
4753.253968253968
4143.650793650793
4143.650793650793
4389.563492063492
4477.638888888889
4143.650793650793
4271.626984126984
4412.341269841269
4753.253968253968
4810.337301587301
4810.337301587301
4819.186507936508
5003.452380952381
5003.452380952381
4819.186507936508
4503.412698412699
5053.214285714285
5048.9682539682535
5048.9682539682535
5053.214285714285
4503.412698412699
4532.341269841269
4349.186507936508
4349.186507936508
4349.186507936508
5017.857142857143
4727.619047619048
4790.6349206349205
4216.230158730159
4216.230158730159
4613.650793650793
4158.333333333333
4512.936507936508
4499.444444444444
4489.325396825397
4349.186507936508
4349.186507936508
4349.186507936508
4532.341269841269
5017.857142857143
4613.650793650793
4216.230158730159
4216.230158730159
4790.6349206349205
4727.619047619048
4158.333333333333
4512.936507936508
4489.325396825397
4499.444444444444
4887.341269841269
4739.424603174603
4331.349206349207
4581.706349206349
4897.539682539683
4504.186507936508
4539.107142857143
4644.920634920635
4102.539682539683
4169.444444444444
4503.809523809524
4977.5
4463.333333333333
4349.424603174603
4517.142857142857
4517.976190476191
4531.825396825397
4333.333333333333
4355.535714285715
4395.6150793650795
4318.1349206349205
4523.5515873015875
4479.3650793650795
4504.186507936508
4897.539682539683
4581.706349206349
4331.349206349207
4739.424603174603
4887.341269841269
4517.142857142857
4644.920634920635
4539.107142857143
4977.5
4503.809523809524
4169.444444444444
4349.424603174603
4463.333333333333
4355.535714285715
4333.333333333333
4531.825396825397
4517.976190476191
4523.5515873015875
4318.1349206349205
4395.6150793650795
4479.3650793650795
4366.4682539682535
4340.833333333333
4443.988095238095
4177.480158730159
4165.337301587301
4169.424603174603
4174.940476190476
4174.940476190476
4459.027777777777
4443.988095238095
4169.424603174603
4165.337301587301
4177.480158730159
4399.027777777777
4399.027777777777
4399.027777777777
4399.027777777777
4174.940476190476
4174.940476190476
4847.658730158731
4340.833333333333
4366.4682539682535
4459.027777777777
4455.873015873016
4338.194444444444
4338.194444444444
4455.873015873016
4847.658730158731
4515.396825396825
4515.396825396825
4515.396825396825
4515.396825396825
4515.396825396825
4515.396825396825
4491.785714285715
4491.785714285715
4294.722222222223
4294.722222222223
4591.408730158731
4591.408730158731
4406.309523809524
4141.098484848485
4406.309523809524
4141.098484848485
4169.880952380952
4169.880952380952
4138.3779264214045
4504.3650793650795
4494.623015873016
4494.623015873016
4504.3650793650795
4138.3779264214045
4566.9047619047615
4566.9047619047615
4460.674603174603
4460.674603174603
4350.892857142857
4350.892857142857
4168.273809523809
4168.273809523809
4394.960317460317
4394.960317460317
4142.4474605954465
4142.4474605954465
4141.304347826087
4141.304347826087
4142.4474605954465
4142.4474605954465
4139.711538461538
4979.206349206349
4979.206349206349
4788.214285714285
4788.214285714285
4788.214285714285
4788.214285714285
4656.706349206349
4656.706349206349
4606.984126984127
4606.984126984127
4542.003968253968
4542.003968253968
4494.702380952381
4494.702380952381
4477.162698412699
4477.162698412699
4476.8452380952385
4476.8452380952385
4470.892857142857
4470.892857142857
4449.444444444444
4449.444444444444
4340.396825396825
4340.396825396825
4340.396825396825
4340.396825396825
4426.746031746032
4426.746031746032
4334.087301587301
4334.087301587301
4206.56746031746
4206.56746031746
4192.6984126984125
4192.6984126984125
4170.892857142857
4170.892857142857
4170.515873015873
4170.515873015873
4153.6370903277375
4151.547619047619
4151.547619047619
4476.8452380952385
4476.8452380952385
4139.711538461538