3710
4081.3690476190477
4073.2738095238096
3710
4152.380952380952
4154.861111111111
3898.7698412698414
3986.0714285714284
4152.380952380952
4154.861111111111
3700
4152.380952380952
4119.047619047619
4129.226190476191
4129.4047619047615
4119.047619047619
4152.380952380952
4176.8650793650795
4085.714285714286
4085.714285714286
3733.2341269841268
3700
3700
3697.7380952380954
3697.7380952380954
3697.0238095238096
3697.0238095238096
3752.5
3752.5
3697.0238095238096
3697.0238095238096
3697.7380952380954
3697.7380952380954
3699.1468253968255
3699.1468253968255
3725.2579365079364
3697.0238095238096
3710
3702.8968253968255
3697.0238095238096
3875.8531746031745
3744.0674603174602
3745.8333333333335
3735
3996.9444444444443
3935.0793650793653
3693.4523809523807
4152.380952380952
4152.380952380952
4152.380952380952
4152.380952380952
4172.936507936508
