4563.809523809524
4520.119047619048
4947.380952380952
4952.460317460317
4931.091269841269
4931.091269841269
4380.753968253968
4380.753968253968
4380.753968253968
4150
4150
4150
4438.789682539683
4158.789682539683
4158.789682539683
4158.789682539683
4158.789682539683
4158.789682539683
4771.686507936508
4771.686507936508
4238.313492063492
4238.313492063492
4238.313492063492
4238.313492063492
4238.313492063492
4348.9682539682535
4207.460317460317
4809.325396825397
4809.325396825397
4204.3650793650795
4158.789682539683
4158.789682539683
4432.480158730159
4491.0515873015875
4491.0515873015875
4845.337301587301
4845.337301587301
4808.630952380952
4845.337301587301
4845.337301587301
4151.587301587301
4343.472222222223
4343.472222222223
4343.472222222223
4964.523809523809
4974.087301587301
4734.3452380952385
4230.039682539683
4343.472222222223
4343.472222222223
4728.908730158731
4150
4204.3650793650795
4235.952380952381
4161.0317460317465
4204.3650793650795
4204.3650793650795
4423.611111111111
4423.611111111111
4235.952380952381
4235.952380952381
4202.519841269841
4197.440476190476
4780.238095238095
4202.519841269841
4202.519841269841
4197.440476190476
4661.0317460317465
4808.1349206349205
4218.313492063492
4469.325396825397
4965.873015873016
4983.392857142857
4432.480158730159
4491.0515873015875
4522.162698412699
4230.039682539683
4194.523809523809
4194.523809523809
4194.523809523809
4361.170634920635
4361.170634920635
4272.242063492064
4264.06746031746
4264.06746031746
4194.523809523809
4366.349206349207
4264.06746031746
4264.06746031746
4361.170634920635
4272.242063492064
4272.242063492064
4602.103174603175
4602.103174603175
4602.103174603175
4187.519841269841
4187.519841269841
4187.519841269841
4974.087301587301
4292.242063492064
4292.242063492064
4964.523809523809
4369.563492063492
4369.563492063492
4292.242063492064
4292.242063492064
4337.440476190476
4337.440476190476
4140.476190476191
4154.761904761905
4140.476190476191
4140.476190476191
4140.476190476191
4140.476190476191
4154.761904761905
4326.825396825397
4447.341269841269
4421.507936507936
4111.190476190476
4654.603174603175
4638.888888888889
4638.888888888889
4501.646825396825
4229.166666666667
4501.646825396825
4456.56746031746