5003.452380952381
4819.186507936508
4819.186507936508
4819.186507936508
4926.984126984127
4919.126984126984
4919.126984126984
4919.126984126984
4919.126984126984
4919.126984126984
4919.126984126984
4819.186507936508
4819.186507936508
4819.186507936508
4926.984126984127
5003.452380952381
4340.833333333333
4349.186507936508
4349.186507936508
4349.186507936508
4349.186507936508
4349.186507936508
4349.186507936508
4340.833333333333
4755.773809523809
4818.690476190476
4818.690476190476
4818.690476190476
4818.690476190476
4447.242063492064
4447.242063492064
4872.519841269841
4818.690476190476
4818.690476190476
4818.690476190476
4818.690476190476
4755.773809523809
4447.242063492064
4447.242063492064
4872.519841269841
4329.166666666667
4329.166666666667
4329.166666666667
4887.063492063492
4727.619047619048
4491.349206349207
4727.619047619048
4491.349206349207
4887.063492063492
4329.166666666667
4329.166666666667
4329.166666666667
4499.980158730159
4294.68253968254
4497.103174603175
4477.638888888889
4477.638888888889
4358.888888888889
4201.210317460317
4201.210317460317
4406.944444444444
4477.638888888889
4477.638888888889
4497.103174603175
4358.888888888889
4351.944444444444
4397.936507936508
4397.936507936508
4397.936507936508
4629.3849206349205
4629.3849206349205
4629.3849206349205
4629.3849206349205
4397.936507936508
4397.936507936508
4397.936507936508
4351.944444444444
4294.68253968254
4499.980158730159
4406.944444444444
4201.210317460317
4201.210317460317
5003.452380952381
4798.273809523809
5003.452380952381
4798.273809523809
4639.603174603175
4639.603174603175
4389.563492063492
4532.341269841269
4158.333333333333
4532.341269841269
4389.563492063492
4158.333333333333
4419.305555555556
4671.825396825397
4734.3452380952385
4294.603174603175
4294.603174603175
4419.305555555556
4734.3452380952385
4671.825396825397
4294.603174603175
4294.603174603175
4434.880952380952
4434.880952380952
4292.123015873016
4292.123015873016
4292.123015873016
4397.321428571428
4397.321428571428
4206.56746031746
4206.56746031746
4461.190476190476
4196.746031746032
4656.706349206349
4656.706349206349
4476.8452380952385
4606.706349206349
4477.162698412699
4206.56746031746
4206.56746031746
4461.190476190476
4196.746031746032
4656.706349206349
4656.706349206349
4476.8452380952385
4606.706349206349
4477.162698412699
4555.6547619047615
4555.6547619047615
4606.984126984127
4606.984126984127
4192.6984126984125
4192.6984126984125
4979.206349206349
4517.142857142857
4979.206349206349
4192.6984126984125
4192.6984126984125
4606.984126984127
4606.984126984127
4517.142857142857
4555.6547619047615
4555.6547619047615
4292.123015873016
4292.123015873016
4292.123015873016
4397.321428571428
4397.321428571428
4314.980158730159
4509.246031746032
4509.246031746032
4340.396825396825
4340.396825396825
4340.396825396825
4340.396825396825
4571.170634920635
4571.170634920635
4883.253968253968
4883.253968253968
4566.9047619047615
4334.087301587301
4515.396825396825
4515.396825396825
4515.396825396825
4515.396825396825
4515.396825396825
4509.246031746032
4509.246031746032
4314.980158730159
4383.571428571428
4318.1349206349205
4395.6150793650795
4395.6150793650795
4318.1349206349205
4383.571428571428
4515.396825396825
4515.396825396825
4515.396825396825
4515.396825396825
4515.396825396825
4334.087301587301
4566.9047619047615
4571.170634920635
4571.170634920635
4883.253968253968
4883.253968253968
4378.194444444444
4378.194444444444
4378.194444444444
4378.194444444444
4170.892857142857
4170.892857142857
4151.547619047619
4151.547619047619
4216.369047619048
4178.9484126984125
4178.9484126984125
4216.369047619048
4210.952380952381
4210.952380952381
3312.8571428571427
4200.833333333333
4200.833333333333
4127.419354838709