4718.075396825397
4718.075396825397
4718.075396825397
4718.075396825397
4718.075396825397
4718.075396825397
4708.809523809524
4708.809523809524
4491.369047619048
4491.369047619048
4475.496031746032
4475.496031746032
4472.559523809524
4472.559523809524
4427.539682539683
4427.539682539683
4417.9512779552715
4417.9512779552715
4379.166666666667
4379.166666666667
4379.166666666667
4379.166666666667
4379.166666666667
4379.166666666667
4366.805555555556
4366.805555555556
4364.246031746032
4364.246031746032
4344.087301587301
4344.087301587301
4318.919457735247
4318.919457735247
4308.829365079365
4308.829365079365
4299.68253968254
4299.68253968254
4299.68253968254
4299.68253968254
4289.206349206349
4289.206349206349
4289.206349206349
4289.206349206349
4284.06746031746
4284.06746031746
4276.587301587301
4276.587301587301
4276.587301587301
4276.587301587301
4276.587301587301
4276.587301587301
4276.587301587301
4276.587301587301
4276.587301587301
4276.587301587301
4270.280296784831
4270.280296784831
4270.280296784831
4270.280296784831
4265.402641670217
4265.402641670217
4262.361111111111
4262.361111111111
4248.0952380952385
4248.0952380952385
4238.348551012306
4238.348551012306
4234.602982668279
4234.602982668279
4219.563492063492
4219.563492063492
4219.563492063492
4219.563492063492
4217.361111111111
4217.361111111111
4207.93144679155
4203.797199830293
4203.797199830293
4198.798674399337
4198.798674399337
4198.798674399337
4198.798674399337
4196.071428571428
4196.071428571428
4196.071428571428
4196.071428571428
4187.877583465819
4177.361111111111
4177.361111111111
4177.361111111111
4177.361111111111
4174.3452380952385
4174.3452380952385
4174.206349206349
4174.206349206349
4173.0952380952385
4173.0952380952385
4172.2817460317465
4172.2817460317465
4171.289682539683
4171.289682539683
4168.472222222223
4168.472222222223
4168.472222222223
4168.472222222223
4167.81746031746
4167.81746031746
4164.076305220883
4164.076305220883
4164.076305220883
4164.076305220883
4163.388955105284
4163.388955105284
4163.388955105284
4163.388955105284
4162.619047619048
4162.619047619048
4162.619047619048
4162.619047619048
4162.619047619048
4162.619047619048
4161.388888888889
4161.388888888889
4158.661887694146
4158.661887694146
4156.011904761905
4156.011904761905
4156.011904761905
4156.011904761905
4151.8849206349205
4151.8849206349205
4150.6150793650795
4150.6150793650795
4148.883928571428
4148.883928571428
4148.169243287225
4148.169243287225
4146.722654649734
4146.722654649734
4146.722654649734
4146.722654649734
4146.722654649734
4146.722654649734
4146.722654649734
4146.722654649734
4145.394736842105
4145.394736842105
4145.394736842105
4145.394736842105
4145.394736842105
4145.394736842105
4144.4047619047615
4144.4047619047615
4144.4047619047615
4144.4047619047615
4144.4047619047615
4144.4047619047615
4144.4047619047615
4144.4047619047615
4134.668284789644
4134.668284789644
4130.4791029561675
4130.4791029561675
4124.794895168642
4124.794895168642
4124.794895168642
4124.794895168642
4124.794895168642
4124.794895168642
4124.794895168642
4124.794895168642
4124.794895168642
4124.794895168642
4124.794895168642
4124.794895168642
4122.893772893773
4122.893772893773
4122.893772893773
4122.893772893773
4122.893772893773
4122.893772893773
4122.893772893773
4122.893772893773
4122.893772893773
4122.893772893773
4121.5459795646375
4121.146577068459
4120.398566950291
4120.398566950291
4114.285714285715
4114.285714285715
4113.115978098556
4113.115978098556
4112.003968253968
4112.003968253968
4100.486448922863
4100.486448922863
4098.104412678683
4098.104412678683
4095.085278276481
4077.7379400260756
4077.7379400260756
4035.6074342701722
4035.6074342701722
4035.6074342701722
4017.984271523179
3872.8742249778566
3872.8742249778566
3872.8742249778566