4434.880952380952
4165.337301587301
4539.107142857143
4349.186507936508
4349.186507936508
4349.186507936508
4196.746031746032
4656.706349206349
4656.706349206349
4334.087301587301
4334.087301587301
4334.087301587301
4334.087301587301
4206.56746031746
4206.56746031746
4461.190476190476
4628.253968253968
4606.984126984127
4606.984126984127
4606.984126984127
4555.6547619047615
4555.6547619047615
4790.6349206349205
4192.6984126984125
4192.6984126984125
4979.206349206349
4170.515873015873
4517.142857142857
4810.337301587301
4204.702380952381
4292.123015873016
4292.123015873016
4204.702380952381
4478.214285714285
4461.666666666667
4560.079365079365
4340.396825396825
4340.396825396825
4340.396825396825
4340.396825396825
4673.373015873016
4383.571428571428
4383.571428571428
4340.396825396825
4340.396825396825
4437.162698412699
4318.1349206349205
4318.1349206349205
4395.6150793650795
4395.6150793650795
4515.396825396825
4444.444444444444
4444.444444444444
4419.841269841269
4419.841269841269
4499.484126984127
4555.6547619047615
4555.6547619047615
4332.083333333333
4332.083333333333
4532.341269841269
4170.178571428572
4449.444444444444
4314.980158730159
4885.853174603175
4476.8452380952385
4476.8452380952385
4515.396825396825
4515.396825396825
4515.396825396825
4334.087301587301
4400.6547619047615
4571.170634920635
4571.170634920635
4566.9047619047615
4453.273809523809
4169.821428571428
4351.646825396825
4351.646825396825
4351.646825396825
4409.285714285715
4378.194444444444
4378.194444444444
4378.194444444444
4378.194444444444
4378.194444444444
4378.194444444444
4170.892857142857
4674.742063492064
4185.6150793650795
4328.293650793651
4419.305555555556
4497.3015873015875
4616.111111111111
4426.587301587301
4228.373015873016
4198.174603174603
4729.4047619047615
4558.273809523809
4655.2182539682535
4294.603174603175
4295.753968253968
4151.547619047619
4178.9484126984125
4178.9484126984125
4216.369047619048
4216.369047619048
4188.253968253968
4131.825396825397
4372.103174603175
4351.984126984127
4349.186507936508
4349.186507936508
4349.186507936508
4349.186507936508
4447.242063492064
4447.242063492064
4447.242063492064
4872.519841269841
4977.5
4800.793650793651
4536.646825396825
4850.952380952381
4850.952380952381
4850.952380952381
4818.690476190476
4818.690476190476
4818.690476190476
5017.857142857143
5017.857142857143
5017.857142857143
5003.452380952381
4220.892857142857
4220.892857142857
4220.892857142857
4179.265873015873
4179.265873015873
4179.265873015873
4322.261904761905
4322.261904761905
4322.261904761905
4322.261904761905
4322.261904761905
4333.333333333333
4333.333333333333
4333.333333333333
4165.019841269841
4349.126984126984
4887.341269841269
5017.341269841269
4477.638888888889
4477.638888888889
4477.638888888889
4497.103174603175
4497.103174603175
5089.880952380952
4310.297619047619
4419.305555555556
4500.337301587301
4478.492063492064
4397.321428571428
4607.996031746032
4592.876984126984
4478.492063492064
5046.507936507936
4480.734126984127
4727.619047619048
4887.063492063492
4458.630952380952
4458.630952380952
4467.837301587301
4371.091269841269
4887.341269841269
4652.777777777777
4532.341269841269
4532.341269841269
4201.210317460317
4201.210317460317
4389.563492063492
4397.936507936508
4397.936507936508
4820.773809523809
4470.238095238095
4491.785714285715
4359.007936507936
4607.996031746032
4220.892857142857
4220.892857142857
4216.230158730159
4613.650793650793
4919.126984126984
4919.126984126984
4581.706349206349
4169.880952380952
4169.880952380952
4340.833333333333
4340.833333333333
4419.305555555556
4447.242063492064
4201.587301587301
4201.587301587301
4169.424603174603
4161.071428571428
4477.638888888889
4389.563492063492
5017.857142857143
4818.690476190476
4818.690476190476
4818.690476190476
4464.424603174603
4314.146825396825
4309.3849206349205
4727.619047619048
4540.892857142857
4798.273809523809
4340.833333333333
4926.984126984127
4340.396825396825
5003.452380952381
4180.952380952381
4421.607142857143
4977.5
4697.6984126984125
4169.880952380952
4175.714285714285
4206.269841269841
4333.333333333333
4465.5952380952385
4482.023809523809
4245.93253968254
4411.4484126984125
4393.869047619048
4877.142857142857
4899.4047619047615
4354.107142857143
4806.230158730159
4591.408730158731
4591.408730158731
4503.412698412699
4476.8452380952385
4476.8452380952385
4476.8452380952385
4508.522050059595
